0.00016679999999999996
0.00012734999999999998
0.00010365
0.00010575000000000001
0.00010815
0.000111
0.0001071
0.0001053
0.0001059
0.00016815
0.0001086
0.0001041
0.0001701
0.0001095
0.0001053
0.0002094
0.00016785
0.0001044
0.00010635
0.00016725
0.00010845000000000001
0.0001056
0.00010785
0.00016769999999999998
0.0001104
0.00010575000000000001
0.00010395
0.00010695000000000001
0.0001056
0.00016754999999999998
0.0001257
0.00016785
0.000105
0.00012629999999999998
0.0001059
0.0001674
0.0001062
0.0001674
0.0001056
0.00010425
0.00010545
0.00016679999999999996
0.00016979999999999998
0.00010395
0.00010455000000000001
0.00010515
0.00010545
0.00010995
0.0001044
0.00016725
0.000168
0.0001038
0.0001053
0.0001269
0.00010605
0.00012585
0.00010335
0.0001062
0.0001038
0.0002127
0.0001098
0.00010455000000000001
0.00012524999999999998
0.0001056
0.00012555
0.0001692
0.00010335
0.0001044
0.0001692
0.0001671
0.0001086
0.00010350000000000001
0.00017084999999999998
0.00010545
0.00011055
0.00010800000000000001
0.0001044
0.00016695
0.00010455000000000001
0.00010635
0.00016844999999999997
0.00016634999999999998
0.00010395
0.0001053
0.00016679999999999996
0.0001056
0.00016679999999999996
0.00010664999999999999
0.00016785
0.0001053
0.00010635
0.00016679999999999996
0.00016754999999999998
0.00016844999999999997
0.00010545
0.0001674
0.000168
0.00016769999999999998
0.0001044
0.0001041
0.00016904999999999996
0.00016769999999999998
0.0001695
0.00017099999999999998
0.00010425
0.00010515
0.00016725
0.0001041
0.00010395
0.00010350000000000001
0.0001044
0.0001269
0.00016725
0.00016664999999999998
0.00016935
0.00016754999999999998
0.0001071
0.0001269
0.00016889999999999999
0.00016679999999999996
0.00016725
0.000105
0.00016754999999999998
0.00010395
0.00010470000000000001
0.00010455000000000001
0.00016935
0.00010635
0.00010680000000000001
0.00010545
0.00016725
0.00010515
0.00010664999999999999
0.00010664999999999999
0.00020954999999999997
0.0001056
0.00010605
0.00010425
0.00016859999999999998
0.0001041
0.00016785
0.00010845000000000001
0.0001044
0.000105
0.0001065
0.0001053
0.0001065
0.0001044
0.00016695
0.0001059
0.0001053
0.00020879999999999998
0.0001044
0.00016815
0.0001071
0.0001695
0.0001269
0.00010365
0.00010575000000000001
0.0001074
0.0001095
0.00016769999999999998
0.00011339999999999999
0.0001059
0.0001053
0.00010545
0.0001062
0.00012614999999999998
0.00010485
0.00010455000000000001
0.0001044
0.0001038
0.00016664999999999998
0.0001038
0.00010635
0.00017084999999999998
0.00010785
0.0001041
0.00010680000000000001
0.00010395
0.0001293
0.00016529999999999998
0.00016769999999999998
0.000105
0.00010395
0.00010455000000000001
0.00016725
0.0001065
0.00016769999999999998
0.0001065
0.00016664999999999998
0.00010425
0.00016889999999999999
0.0001044
0.0001041
0.0001041
0.0001041
0.00010335
0.00010350000000000001
0.00016679999999999996
0.00012419999999999998
0.0001062
0.00010350000000000001
0.00021525
0.00010305
0.00010455000000000001
0.0001032
0.00010695000000000001
0.0001671
0.00010485
0.00010455000000000001
0.00010425
0.0001044
0.0001044
0.00016634999999999998
0.00016695
0.00012465
0.00012524999999999998
0.0001038
0.00020925
0.0001038
0.00010395
0.00020804999999999996
0.00016769999999999998
0.00010365
0.0001695
0.0001059
0.00010485
0.00010755
0.0001065
0.00010365
0.0001701
0.00016829999999999997
0.00010605
0.00010635
0.00010395
0.000105
0.00010365
0.0001038
0.00016829999999999997
0.00010275
0.00010515
0.0001083
0.00010485
0.00012614999999999998
0.0001038
0.00012555
0.00016695
0.00017099999999999998
0.00010365
0.0001704
0.00010425
0.00016725
0.0001065
0.0001065
0.00010470000000000001
0.0001056
0.0001695
0.00010470000000000001
0.00010485
0.00010515
0.00010515
0.00010485
0.000105
0.00020894999999999998
0.00010485
0.0001077
0.0001056
0.0001056
0.00010545
0.00016664999999999998
0.00010515
0.00010965
0.00012629999999999998
0.000105
0.0001038
0.0001053
0.00010455000000000001
0.00010965
0.00016769999999999998
0.00010515
0.0001257
0.00012675
0.00010920000000000001
0.0001071
0.0001071
0.0001044
0.0001269
0.0001074
0.00012629999999999998
0.0001065
0.00010470000000000001
0.00010965
0.000168
0.0001122
0.00010815
0.0001056
0.0001041
0.00016769999999999998
0.00010680000000000001
0.0001119
0.0001065
0.00010575000000000001
0.00010470000000000001
0.00010470000000000001
0.00010470000000000001
0.0001281
0.00016859999999999998
0.00010725
0.0001053
0.0001038
0.0001044
0.00010425
0.0001077
0.00010545
0.000105
0.00016889999999999999
0.00011070000000000001
0.00016874999999999998
0.00016649999999999998
0.00010425
0.00016815
0.00010815
0.00017054999999999997
0.00010605
0.00010575000000000001
0.0001059
0.00010545
0.000105
0.000126
0.00010545
0.00010515
0.00016634999999999998
0.0001674
0.00010545
0.0001041
0.00010545
0.00016695
0.0001065
0.00016769999999999998
0.0001065
0.00010545
0.00010545
0.00010395
0.00020954999999999997
0.00016725
0.00016889999999999999
0.0001044
0.0001062
0.0001719
0.00016725
0.0001692
0.00020925
0.0001074
0.0001248
0.00010635
0.0001065
0.0001059
0.00010455000000000001
0.00016754999999999998
0.00010545
0.00012524999999999998
0.00010635
0.00010800000000000001
0.00010485
0.00010605
0.00016815
0.00016815
0.00010395
0.00016664999999999998
0.00010515
0.00016844999999999997
0.00010545
0.00016979999999999998
0.00016815
0.00010425
0.0001059
0.0001086
0.00016769999999999998
0.00016829999999999997
0.0001044
0.00012509999999999998
0.00010785
0.00012629999999999998
0.00016725
0.00010635
0.00017054999999999997
0.00016829999999999997
0.00010785
0.00010845000000000001
0.00010470000000000001
0.00010605
0.0001671
0.0001056
0.00016815
0.00010575000000000001
0.00016679999999999996
0.0001065
0.00010395
0.0001071
0.00010680000000000001
0.0001053
0.00010725
0.00010515
0.0001062
0.00010395
0.00016769999999999998
0.00010605
0.00017114999999999999
0.00016844999999999997
0.00010515
0.00010635
0.00010545
0.00016935
0.00010664999999999999
0.0001041
0.0001674
0.00010800000000000001
0.00010920000000000001
0.00010395
0.00016965
0.0001056
0.00017385
0.00020984999999999998
0.00016904999999999996
0.00010545
0.0001671
0.00016604999999999997
0.0001038
0.00010425
0.00010470000000000001
0.00010365
0.00016619999999999997
0.0001041
0.00010680000000000001
0.00010545
0.00010425
0.00010425
0.00010485
0.00010680000000000001
0.0001059
0.00016785
0.00016904999999999996
0.00010470000000000001
0.00012675
0.00010455000000000001
0.00011205
0.0001041
0.00010515
0.00010395
0.0001059
0.00016994999999999998
0.00016965
0.00010515
0.00016769999999999998
0.00016785
0.00010395
0.00012629999999999998
0.00010470000000000001
0.000168
0.00010545
0.00010605
0.0001053
0.000105
0.0001038
0.0001038
0.00016695
0.00016575
0.00010470000000000001
0.00016785
0.00016695
0.0001257
0.0001071
0.00010935
0.00010485
0.00016754999999999998
0.00010485
0.0001038
0.0001059
0.00012614999999999998
0.00010470000000000001
0.00010470000000000001
0.00016695
0.00010635
0.00016769999999999998
0.0001056
0.00011235
0.00016815
0.00016649999999999998
0.00016725
0.00016859999999999998
0.00016604999999999997
0.00010559999999999999
0.0001056
0.00010470000000000001
0.00010425
0.00010455000000000001
0.00010545
0.00011265
0.00010395
0.0001038
0.0001671
0.00010635
0.00010365
0.0001674
0.00010785
0.00016679999999999996
0.000168
0.00010515
0.0001674
0.00010395
0.0001248
0.00010875
0.00016725
0.00016754999999999998
0.00010635
0.0001044
0.00016844999999999997
0.00016619999999999997
0.00016695
0.00016725
0.00016634999999999998
0.00010470000000000001
0.00016649999999999998
0.00010395
0.00016769999999999998
0.00010455000000000001
0.00010470000000000001
0.00010515
0.00010395
0.00010635
0.00010395
0.000105
0.00011745000000000001
0.0001062
0.00010365
0.00016769999999999998
0.00016725
0.00012465
0.00016695
